4169
1181
4277
1680
1941
1980
5831
424
5367
5795
2909
4344
3618
1015
1088
4448
549
1449
1285
889
4510
2063
4508
3391
4543
5643
1447
1880
3808
4386
550
3224
1010
3163
752
1150
4425
710
4725
3824
4227
678
3539
5026
5046
3507
5954
4064
524
2793
3471
1912
3272
5614
2304
3650
1579
4808
3841
5636
482
1613
6016
1448
1117
4312
2181
1317
3675
839
2015
3029
2507
1051
1264
5256
1647
1698
4979
5627
1340
1383
2116
4447
1019
3792
352
329
3526
3626
5394
2529
531
3778
302
3401
770
1958
2907
245
4238
1605
1635
3768
4085
2665
6036
881
1837
5312
4089
5880
3410
1899
3292
5100
3067
1422
3311
5812
509
2820
5333
984
1120
3705
1676
1451
4957
869
4682
4728
5074
1203
1112
1303
4140
216
1632
3032
4041
195
3280
4033
4482
692
4647
3681
5511
2777
5433
3475
3999
5550
4083
1812
1780
3312
5605
1246
660
1835
2092
4387
4867
1884
3336
3483
2010
3693
533
2106
5015
5387
1943
202
877
1737
4021
5306
319
3491
5054
48
2544
2878
3285
4732
2887
3389
3562
1889
5763
5996
1425
1988
2986
3589
2109
721
53
3942
5536
2857
5788
543
4186
1733
3724
2077
3018
3929
169
1194
1920
2073
3308
3462
4802
5220
149
411
3884
3934
4016
1354
3118
1202
4048
4058
308
3648
2105
3182
4578
5107
2041
5824
2453
5504
5888
3829
4305
3842
4579
4007
4411
148
1298
2223
4271
192
1333
5759
3519
5682
4673
1207
2895
3823
5501
802
5555
5675
4345
5359
911
3916
5886
1983
438
1101
123
2288
5916
5964
1266
4115
4354
1244
4715
2484
5011
2012
5686
1260
3821
4607
1137
2102
5530
3080
1741
2638
3683
1639
1712
2537
5113
264